Some((
    red: 0.8509804,
    green: 0.84313726,
    blue: 0.80784315,
))